0 51
1 65
2 50
3 56
4 45
5 60
6 45
7 43
8 48
9 44
10 43
11 37
12 38
13 57
14 52
15 54
16 46
17 53
18 60
19 52
20 59
21 52
22 42
23 45
24 63
25 52
26 52
27 55
28 53
29 50
30 57
31 48
32 57
33 53
34 50
35 43
36 52
37 55
38 48
39 46
40 49
41 56
42 65
43 56
44 47
45 50
46 51
47 68
48 47
49 55
50 48
51 56
52 46
53 53
54 59
55 55
56 62
57 54
58 48
59 52
60 36
61 45
62 53
63 43
64 45
65 63
66 45
67 58
68 46
69 53
70 50
71 50
72 55
73 63
74 65
75 56
76 57
77 76
78 54
79 53
80 62
81 62
82 55
83 36
84 60
85 60
86 52
87 43
88 62
89 39
90 58
91 53
92 50
93 48
94 61
95 58
96 53
97 49
98 47
99 49
100 51
101 43
102 59
103 50
104 61
105 42
106 47
107 56
108 48
109 56
110 41
111 42
112 56
113 58
114 40
115 42
116 57
117 55
118 55
119 50
120 58
121 55
122 43
123 51
124 59
125 54
126 52
127 57
128 51
129 57
130 53
131 45
132 53
133 43
134 45
135 47
136 54
137 64
138 53
139 54
140 48
141 54
142 43
143 43
144 50
145 49
146 46
147 45
148 50
149 44
150 49
151 49
152 51
153 55
154 46
155 54
156 47
157 42
158 49
159 52
160 52
161 46
162 53
163 45
164 52
165 56
166 45
167 47
168 56
169 42
170 56
171 53
172 53
173 50
174 60
175 50
176 49
177 53
178 58
179 58
180 52
181 53
182 55
183 53
184 44
185 46
186 42
187 49
188 61
189 55
190 47
191 55
192 57
193 44
194 53
195 57
196 54
197 49
198 54
199 55
200 47
201 57
202 46
203 44
204 49
205 49
206 48
207 46
208 47
209 64
210 60
211 62
212 43
213 52
214 56
215 54
216 44
217 52
218 61
219 54
220 56
221 56
222 59
223 64
224 37
225 50
226 50
227 45
228 56
229 55
230 49
231 48
232 59
233 52
234 53
235 55
236 48
237 50
238 59
239 53
240 45
241 55
242 45
243 50
244 65
245 53
246 47
247 40
248 58
249 57
250 56
251 45
252 58
253 56
254 50
255 40
256 56
257 61
258 50
259 59
260 46
261 49
262 39
263 42
264 43
265 46
266 63
267 42
268 48
269 35
270 54
271 37
272 53
273 53
274 66
275 50
276 39
277 35
278 44
279 43
280 49
281 49
282 48
283 49
284 48
285 47
286 43
287 44
288 54
289 57
290 57
291 50
292 53
293 55
294 65
295 54
296 53
297 43
298 62
299 49
300 50
301 49
302 50
303 51
304 50
305 42
306 52
307 53
308 51
309 62
310 50
311 56
312 47
313 56
314 61
315 55
316 56
317 49
318 40
319 43
320 58
321 60
322 51
323 49
324 55
325 51
326 46
327 52
328 50
329 57
330 54
331 67
332 45
333 54
334 36
335 48
336 55
337 44
338 57
339 52
340 49
341 54
342 57
343 44
344 52
345 62
346 53
347 54
348 48
349 37
350 53
351 49
352 46
353 64
354 53
355 52
356 42
357 47
358 51
359 45
360 56
361 49
362 72
363 52
364 53
365 52
366 52
367 52
368 42
369 45
370 44
371 49
372 49
373 55
374 61
375 54
376 60
377 63
378 62
379 55
380 52
381 60
382 47
383 45
384 65
385 50
386 53
387 54
388 52
389 40
390 59
391 44
392 52
393 45
394 41
395 50
396 47
397 53
398 55
399 64
400 57
401 59
402 56
403 55
404 43
405 64
406 50
407 51
408 37
409 56
410 52
411 63
412 52
413 61
414 57
415 57
416 51
417 47
418 44
419 48
420 43
421 60
422 34
423 43
424 41
425 46
426 60
427 52
428 53
429 62
430 42
431 34
432 61
433 53
434 44
435 65
436 53
437 58
438 54
439 47
440 53
441 67
442 49
443 62
444 36
445 63
446 52
447 58
448 56
449 48
450 38
451 44
452 48
453 58
454 44
455 40
456 55
457 56
458 42
459 43
460 61
461 59
462 58
463 43
464 49
465 46
466 43
467 46
468 38
469 54
470 46
471 57
472 46
473 49
474 45
475 41
476 50
477 65
478 59
479 49
480 66
481 47
482 44
483 49
484 60
485 63
486 53
487 52
488 40
489 50
490 53
491 45
492 48
493 55
494 52
495 35
496 61
497 66
498 60
499 40
500 60
501 47
502 62
503 47
504 58
505 55
506 54
507 48
508 50
509 43
510 51
511 62
512 45
513 39
514 40
515 49
516 60
517 59
518 57
519 58
520 47
521 49
522 58
523 54
524 40
525 49
526 38
527 67
528 62
529 55
530 50
531 56
532 56
533 50
534 54
535 40
536 46
537 49
538 35
539 47
540 53
541 47
542 49
543 48
544 40
545 47
546 43
547 51
548 56
549 55
550 64
551 43
552 43
553 41
554 46
555 54
556 46
557 44
558 50
559 38
560 44
561 63
562 42
563 41
564 46
565 52
566 55
567 50
568 55
569 51
570 64
571 48
572 58
573 56
574 50
575 36
576 40
577 55
578 57
579 67
580 55
581 59
582 54
583 55
584 41
585 48
586 71
587 50
588 44
589 59
590 51
591 39
592 45
593 63
594 56
595 50
596 56
597 43
598 43
599 51
600 52
601 36
602 66
603 54
604 37
605 48
606 57
607 65
608 45
609 46
610 50
611 60
612 52
613 38
614 40
615 48
616 54
617 46
618 46
619 54
620 57
621 33
622 53
623 41
624 63
625 53
626 61
627 61
628 56
629 45
630 42
631 45
632 60
633 64
634 51
635 55
636 55
637 53
638 59
639 45
640 43
641 56
642 53
643 57
644 60
645 47
646 49
647 53
648 43
649 53
650 40
651 43
652 55
653 58
654 53
655 47
656 56
657 52
658 55
659 49
660 56
661 47
662 54
663 59
664 50
665 61
666 53
667 52
668 46
669 50
670 49
671 39
672 52
673 60
674 41
675 47
676 54
677 49
678 45
679 55
680 59
681 48
682 52
683 43
684 60
685 60
686 50
687 48
688 46
689 48
690 67
691 47
692 52
693 45
694 51
695 53
696 62
697 44
698 64
699 65
700 60
701 66
702 62
703 44
704 54
705 57
706 50
707 65
708 50
709 40
710 48
711 54
712 51
713 64
714 60
715 58
716 49
717 52
718 50
719 48
720 59
721 63
722 51
723 48
724 64
725 39
726 54
727 58
728 55
729 45
730 56
731 55
732 55
733 75
734 52
735 51
736 43
737 48
738 47
739 51
740 41
741 53
742 38
743 54
744 65
745 50
746 50
747 42
748 49
749 54
750 55
751 70
752 65
753 55
754 50
755 62
756 54
757 55
758 48
759 54
760 43
761 54
762 50
763 41
764 36
765 51
766 62
767 58
768 39
769 51
770 52
771 48
772 46
773 45
774 48
775 47
776 56
777 60
778 46
779 54
780 50
781 61
782 45
783 51
784 55
785 54
786 51
787 50
788 51
789 60
790 46
791 49
792 42
793 46
794 48
795 49
796 47
797 47
798 57
799 49
800 51
801 49
802 46
803 47
804 54
805 45
806 53
807 62
808 52
809 51
810 45
811 41
812 66
813 56
814 52
815 57
816 42
817 58
818 43
819 62
820 48
821 46
822 51
823 60
824 53
825 52
826 52
827 47
828 46
829 57
830 65
831 55
832 42
833 55
834 48
835 57
836 50
837 48
838 49
839 53
840 51
841 68
842 59
843 47
844 47
845 61
846 40
847 53
848 53
849 46
850 36
851 57
852 37
853 51
854 53
855 55
856 48
857 44
858 47
859 46
860 58
861 65
862 64
863 33
864 49
865 44
866 53
867 54
868 51
869 46
870 57
871 38
872 45
873 61
874 48
875 54
876 41
877 46
878 57
879 47
880 55
881 46
882 54
883 58
884 43
885 55
886 73
887 47
888 45
889 44
890 59
891 56
892 58
893 46
894 49
895 46
896 42
897 46
898 32
899 45
900 56
901 68
902 62
903 53
904 50
905 63
906 48
907 55
908 56
909 50
910 42
911 57
912 50
913 61
914 51
915 45
916 49
917 64
918 44
919 47
920 54
921 59
922 59
923 53
924 58
925 54
926 51
927 46
928 53
929 46
930 59
931 54
932 48
933 48
934 56
935 52
936 57
937 43
938 47
939 54
940 45
941 47
942 52
943 46
944 60
945 41
946 48
947 56
948 55
949 55
950 32
951 41
952 54
953 52
954 61
955 47
956 42
957 48
958 56
959 34
960 63
961 34
962 57
963 49
964 43
965 48
966 50
967 54
968 47
969 65
970 50
971 54
972 47
973 53
974 44
975 47
976 54
977 50
978 43
979 55
980 63
981 60
982 43
983 44
984 45
985 40
986 52
987 68
988 40
989 29
990 63
991 54
992 54
993 59
994 60
995 49
996 70
997 57
998 57
999 55
