0 18
1 36
2 32
3 45
4 20
5 22
6 17
7 20
8 36
9 35
10 32
11 85
12 19
13 14
14 10
15 13
16 30
17 60
18 74
19 57
20 15
21 18
22 14
23 34
24 24
25 54
26 26
27 35
28 21
29 23
30 11
31 11
32 47
33 34
34 35
35 28
36 72
37 22
38 81
39 21
40 12
41 52
42 38
43 37
44 52
45 34
46 14
47 37
48 10
49 28
50 69
51 48
52 69
53 49
54 10
55 23
56 59
57 60
58 72
59 63
60 41
61 55
62 20
63 22
64 33
65 16
66 59
67 25
68 23
69 7
70 39
71 18
72 28
73 55
74 27
75 60
76 36
77 18
78 38
79 53
80 5
81 14
82 24
83 52
84 12
85 40
86 30
87 52
88 31
89 75
90 101
91 104
92 34
93 22
94 16
95 28
96 51
97 30
98 34
99 33
100 42
101 32
102 38
103 51
104 92
105 83
106 191
107 70
108 52
109 27
110 30
111 54
112 59
113 94
114 71
115 73
116 31
117 62
118 58
119 56
120 93
121 137
122 78
123 65
124 81
125 23
126 53
127 50
128 105
129 62
130 66
131 79
132 70
133 42
134 81
135 61
136 53
137 53
138 64
139 121
140 48
141 66
142 50
143 57
144 48
145 47
146 54
147 88
148 41
149 35
150 52
151 25
152 44
153 59
154 60
155 140
156 34
157 17
158 42
159 38
160 52
161 53
162 50
163 61
164 33
165 14
166 20
167 36
168 25
169 70
170 48
171 51
172 39
173 30
174 17
175 72
176 51
177 82
178 87
179 77
180 77
181 46
182 40
183 64
184 46
185 76
186 56
187 51
188 24
189 43
190 60
191 31
192 31
193 45
194 70
195 39
196 75
197 41
198 45
199 38
200 97
201 75
202 43
203 56
204 47
205 16
206 26
207 43
208 69
209 78
210 54
211 84
212 49
213 26
214 18
215 28
216 36
217 49
218 42
219 43
220 43
221 24
222 53
223 39
224 68
225 55
226 53
227 50
228 34
229 38
230 33
231 37
232 42
233 33
234 45
235 53
236 28
237 21
238 14
239 38
240 43
241 42
242 93
243 134
244 85
245 36
246 52
247 28
248 23
249 53
250 36
251 102
252 54
253 31
254 27
255 17
256 86
257 57
258 97
259 71
260 49
261 30
262 52
263 50
264 57
265 33
266 42
267 46
268 49
269 36
270 41
271 78
272 67
273 47
274 45
275 107
276 36
277 30
278 25
279 43
280 73
281 84
282 117
283 74
284 62
285 36
286 74
287 43
288 89
289 142
290 79
291 51
292 73
293 52
294 47
295 71
296 28
297 36
298 23
299 62
300 15
301 25
302 19
303 24
304 24
305 39
306 32
307 17
308 14
309 10
310 13
311 6
312 47
313 16
314 14
315 16
316 17
317 5
318 16
319 23
320 11
321 6
322 19
323 35
324 13
325 13
326 18
327 22
328 17
329 38
330 25
331 27
332 6
333 28
334 17
335 10
336 14
337 26
338 25
339 19
340 14
341 16
342 21
343 21
344 19
345 23
346 50
347 27
348 36
349 25
350 21
351 39
352 16
353 59
354 25
355 30
356 17
357 21
358 15
359 31
360 29
361 36
362 38
363 59
364 24
365 8
366 17
367 21
368 26
369 34
370 33
371 38
372 20
373 39
374 46
375 34
376 64
377 72
378 68
379 76
380 49
381 34
382 47
383 25
384 80
385 31
386 53
387 80
388 82
389 50
390 82
391 41
392 124
393 65
394 150
395 86
396 76
397 66
398 30
399 82
400 65
401 80
402 90
403 85
404 31
405 62
406 42
407 92
408 115
409 119
410 120
411 168
412 81
413 45
414 93
415 41
416 108
417 40
418 106
419 56
420 77
421 59
422 104
423 27
424 71
425 105
426 48
427 129
428 99
429 104
430 22
431 102
432 118
433 126
434 76
435 136
436 51
437 67
438 32
439 58
440 69
441 42
442 139
443 130
444 58
445 63
446 99
447 55
448 96
449 99
450 71
451 114
452 112
453 55
454 100
455 83
456 43
457 84
458 131
459 171
460 48
461 71
462 55
463 99
464 64
465 132
466 143
467 213
468 71
469 42
470 68
471 62
472 193
473 84
474 68
475 80
476 88
477 85
478 146
479 56
480 102
481 81
482 73
483 77
484 70
485 39
486 121
487 101
488 33
489 51
490 49
491 93
492 31
493 57
494 8
495 34
496 71
497 47
498 52
499 56
500 11
501 9
502 15
503 19
504 69
505 13
506 20
507 16
508 16
509 6
510 13
511 12
512 17
513 15
514 12
515 18
516 19
517 21
518 13
519 20
520 7
521 24
522 10
523 13
524 9
525 8
526 17
527 8
528 14
529 25
530 18
531 22
532 20
533 22
534 22
535 23
536 25
537 46
538 68
539 73
540 58
541 27
542 31
543 37
544 14
545 51
546 33
547 60
548 24
549 51
550 22
551 34
552 49
553 40
554 51
555 66
556 36
557 22
558 24
559 52
560 54
561 51
562 93
563 54
564 26
565 21
566 23
567 30
568 26
569 67
570 19
571 39
572 10
573 46
574 23
575 48
576 73
577 47
578 37
579 34
580 45
581 10
582 29
583 15
584 32
585 16
586 32
587 36
588 41
589 24
590 14
591 23
592 18
593 38
594 36
595 51
596 19
597 45
598 27
599 43
600 53
601 74
602 86
603 119
604 69
605 35
606 34
607 31
608 58
609 79
610 69
611 78
612 50
613 37
614 45
615 50
616 81
617 106
618 116
619 82
620 57
621 53
622 101
623 47
624 50
625 32
626 50
627 69
628 33
629 33
630 22
631 62
632 57
633 52
634 78
635 115
636 87
637 38
638 44
639 37
640 126
641 62
642 98
643 67
644 47
645 46
646 56
647 74
648 107
649 85
650 115
651 138
652 90
653 38
654 55
655 54
656 63
657 76
658 86
659 75
660 34
661 61
662 85
663 72
664 72
665 97
666 61
667 65
668 42
669 55
670 42
671 85
672 101
673 78
674 71
675 57
676 47
677 21
678 54
679 84
680 63
681 36
682 98
683 123
684 78
685 37
686 53
687 62
688 55
689 74
690 61
691 71
692 71
693 72
694 102
695 43
696 91
697 59
698 106
699 67
700 69
701 23
702 25
703 54
704 62
705 27
706 29
707 29
708 15
709 14
710 12
711 15
712 73
713 38
714 25
715 31
716 27
717 23
718 25
719 40
720 54
721 57
722 72
723 81
724 86
725 39
726 104
727 90
728 128
729 114
730 134
731 136
732 66
733 77
734 93
735 68
736 80
737 128
738 185
739 118
740 145
741 101
742 243
743 119
744 200
745 127
746 174
747 120
748 169
749 126
750 82
751 134
752 87
753 119
754 122
755 135
756 126
757 106
758 69
759 161
760 107
761 129
762 181
763 221
764 93
765 50
766 144
767 92
768 107
769 71
770 115
771 148
772 81
773 70
774 95
775 107
776 89
777 120
778 109
779 120
780 88
781 63
782 47
783 135
784 63
785 131
786 71
787 137
788 39
789 91
790 33
791 53
792 59
793 95
794 88
795 100
796 66
797 37
798 53
799 43
800 123
801 82
802 113
803 41
804 47
805 23
806 34
807 70
808 48
809 58
810 18
811 61
812 31
813 39
814 29
815 52
816 44
817 53
818 61
819 70
820 38
821 33
822 44
823 21
824 44
825 20
826 50
827 34
828 23
829 18
830 30
831 17
832 31
833 29
834 37
835 64
836 41
837 27
838 10
839 28
840 23
841 29
842 71
843 76
844 15
845 19
846 19
847 17
848 46
849 51
850 46
851 45
852 44
853 18
854 38
855 20
856 46
857 55
858 42
859 37
860 73
861 27
862 66
863 30
864 17
865 53
866 33
867 46
868 29
869 52
870 6
871 47
872 25
873 52
874 49
875 64
876 21
877 41
878 17
879 19
880 26
881 31
882 49
883 42
884 16
885 18
886 25
887 27
888 45
889 43
890 59
891 35
892 22
893 22
894 14
895 16
896 13
897 13
898 17
899 35
900 6
901 16
902 18
903 32
904 36
905 33
906 28
907 43
908 30
909 9
910 12
911 21
912 28
913 36
914 28
915 15
916 5
917 16
918 28
919 52
920 50
921 56
922 51
923 55
924 57
925 12
926 12
927 32
928 34
929 49
930 32
931 31
932 21
933 22
934 35
935 53
936 51
937 38
938 55
939 47
940 38
941 36
942 26
943 33
944 27
945 23
946 35
947 48
948 15
949 32
950 20
951 34
952 24
953 32
954 43
955 33
956 23
957 12
958 12
959 19
960 30
961 10
962 10
963 15
964 8
965 12
966 12
967 11
968 20
969 23
970 19
971 31
972 21
973 7
974 8
975 11
976 19
977 47
978 21
979 33
980 11
981 6
982 10
983 11
984 28
985 34
986 22
987 15
988 19
989 10
990 17
991 31
992 33
993 30
994 37
995 24
996 38
997 24
998 30
999 35
