0 42
1 42
2 42
3 33
4 43
5 48
6 39
7 37
8 41
9 44
10 47
11 42
12 46
13 48
14 36
15 39
16 40
17 56
18 42
19 41
20 37
21 51
22 37
23 33
24 36
25 36
26 43
27 55
28 52
29 61
30 36
31 31
32 30
33 47
34 42
35 46
36 56
37 41
38 47
39 29
40 29
41 32
42 35
43 61
44 45
45 41
46 67
47 37
48 31
49 53
50 52
51 48
52 61
53 43
54 49
55 37
56 47
57 42
58 45
59 52
60 49
61 38
62 43
63 41
64 43
65 32
66 57
67 72
68 54
69 48
70 54
71 36
72 29
73 54
74 63
75 64
76 62
77 40
78 45
79 48
80 48
81 49
82 49
83 52
84 71
85 51
86 63
87 61
88 58
89 38
90 39
91 54
92 66
93 60
94 59
95 65
96 53
97 48
98 59
99 75
100 61
101 62
102 70
103 57
104 56
105 76
106 56
107 64
108 54
109 70
110 60
111 54
112 45
113 57
114 67
115 73
116 62
117 60
118 61
119 57
120 59
121 52
122 46
123 63
124 65
125 57
126 51
127 52
128 34
129 47
130 62
131 54
132 57
133 51
134 50
135 47
136 37
137 49
138 49
139 57
140 37
141 49
142 38
143 33
144 36
145 34
146 40
147 38
148 37
149 44
150 32
151 34
152 30
153 54
154 44
155 45
156 30
157 45
158 24
159 37
160 36
161 33
162 48
163 49
164 39
165 40
166 40
167 35
168 35
169 41
170 50
171 60
172 58
173 43
174 57
175 31
176 49
177 58
178 44
179 53
180 64
181 48
182 52
183 47
184 51
185 49
186 52
187 51
188 63
189 70
190 54
191 46
192 47
193 49
194 59
195 63
196 63
197 66
198 53
199 33
200 59
201 63
202 62
203 56
204 61
205 63
206 42
207 48
208 52
209 62
210 46
211 67
212 59
213 52
214 66
215 41
216 55
217 57
218 50
219 60
220 54
221 43
222 52
223 53
224 34
225 42
226 39
227 41
228 60
229 64
230 53
231 63
232 42
233 49
234 35
235 50
236 36
237 43
238 61
239 40
240 44
241 32
242 36
243 47
244 54
245 53
246 52
247 34
248 23
249 56
250 49
251 42
252 57
253 43
254 44
255 38
256 33
257 43
258 37
259 49
260 55
261 38
262 46
263 44
264 29
265 32
266 51
267 44
268 72
269 47
270 54
271 35
272 50
273 34
274 34
275 49
276 40
277 55
278 50
279 56
280 47
281 45
282 41
283 56
284 52
285 68
286 63
287 64
288 47
289 45
290 53
291 66
292 58
293 44
294 38
295 55
296 36
297 60
298 56
299 57
300 55
301 66
302 62
303 46
304 42
305 68
306 61
307 43
308 53
309 57
310 47
311 63
312 53
313 44
314 70
315 65
316 69
317 37
318 37
319 46
320 36
321 43
322 43
323 47
324 52
325 50
326 44
327 45
328 48
329 56
330 54
331 57
332 52
333 44
334 58
335 54
336 54
337 41
338 46
339 67
340 51
341 61
342 41
343 42
344 56
345 47
346 66
347 68
348 62
349 62
350 49
351 61
352 49
353 70
354 75
355 53
356 54
357 46
358 47
359 40
360 38
361 39
362 52
363 56
364 54
365 62
366 66
367 62
368 49
369 40
370 54
371 63
372 52
373 61
374 84
375 46
376 70
377 48
378 82
379 46
380 84
381 64
382 85
383 69
384 73
385 67
386 81
387 85
388 78
389 64
390 73
391 81
392 56
393 49
394 63
395 73
396 64
397 76
398 63
399 57
400 46
401 69
402 62
403 70
404 62
405 58
406 61
407 42
408 38
409 34
410 54
411 61
412 51
413 46
414 45
415 48
416 36
417 52
418 57
419 63
420 64
421 52
422 47
423 43
424 43
425 49
426 52
427 56
428 59
429 52
430 62
431 57
432 68
433 50
434 47
435 64
436 64
437 46
438 69
439 72
440 68
441 62
442 78
443 106
444 63
445 75
446 62
447 63
448 50
449 56
450 76
451 67
452 60
453 55
454 56
455 56
456 51
457 62
458 54
459 63
460 43
461 41
462 49
463 52
464 35
465 42
466 45
467 40
468 38
469 35
470 38
471 50
472 44
473 44
474 28
475 35
476 36
477 62
478 32
479 29
480 32
481 48
482 41
483 56
484 48
485 50
486 54
487 40
488 39
489 50
490 43
491 48
492 52
493 57
494 44
495 39
496 36
497 57
498 41
499 58
500 51
501 49
502 51
503 55
504 35
505 57
506 64
507 56
508 56
509 45
510 46
511 48
512 32
513 46
514 36
515 63
516 55
517 47
518 57
519 51
520 46
521 47
522 42
523 36
524 45
525 26
526 49
527 28
528 24
529 29
530 48
531 34
532 48
533 32
534 42
535 32
536 29
537 41
538 28
539 50
540 48
541 40
542 29
543 35
544 37
545 32
546 39
547 39
548 46
549 42
550 60
551 35
552 28
553 47
554 45
555 60
556 49
557 62
558 58
559 55
560 36
561 44
562 53
563 49
564 77
565 58
566 50
567 47
568 30
569 47
570 51
571 55
572 52
573 48
574 48
575 66
576 34
577 49
578 57
579 59
580 45
581 41
582 47
583 37
584 39
585 37
586 35
587 64
588 53
589 35
590 46
591 49
592 28
593 37
594 46
595 30
596 30
597 51
598 42
599 32
600 30
601 43
602 46
603 61
604 48
605 47
606 39
607 30
608 35
609 40
610 43
611 61
612 61
613 51
614 48
615 56
616 52
617 56
618 54
619 57
620 63
621 58
622 51
623 49
624 53
625 72
626 71
627 69
628 66
629 61
630 66
631 59
632 70
633 64
634 75
635 65
636 57
637 55
638 74
639 48
640 59
641 57
642 64
643 62
644 58
645 50
646 67
647 56
648 31
649 55
650 75
651 60
652 48
653 72
654 64
655 56
656 43
657 61
658 66
659 63
660 69
661 47
662 56
663 54
664 41
665 54
666 54
667 69
668 52
669 46
670 62
671 71
672 64
673 70
674 66
675 57
676 46
677 72
678 48
679 52
680 66
681 48
682 66
683 54
684 72
685 59
686 63
687 56
688 53
689 73
690 70
691 94
692 66
693 56
694 52
695 50
696 40
697 59
698 59
699 83
700 79
701 48
702 45
703 46
704 43
705 51
706 54
707 64
708 48
709 41
710 41
711 45
712 43
713 29
714 35
715 45
716 35
717 41
718 60
719 45
720 38
721 35
722 44
723 49
724 50
725 45
726 40
727 42
728 54
729 49
730 37
731 56
732 47
733 53
734 53
735 59
736 53
737 33
738 70
739 40
740 70
741 79
742 67
743 69
744 56
745 85
746 80
747 66
748 88
749 63
750 62
751 44
752 44
753 75
754 58
755 77
756 46
757 52
758 48
759 33
760 54
761 84
762 55
763 61
764 44
765 42
766 68
767 38
768 49
769 40
770 49
771 35
772 44
773 49
774 36
775 35
776 38
777 51
778 34
779 43
780 38
781 43
782 54
783 48
784 28
785 58
786 52
787 50
788 56
789 40
790 50
791 50
792 28
793 37
794 38
795 66
796 45
797 59
798 58
799 41
800 35
801 65
802 56
803 62
804 57
805 66
806 75
807 44
808 52
809 52
810 59
811 54
812 67
813 52
814 58
815 43
816 51
817 47
818 50
819 66
820 66
821 65
822 48
823 50
824 44
825 65
826 64
827 49
828 59
829 35
830 53
831 53
832 53
833 36
834 46
835 63
836 54
837 50
838 54
839 49
840 41
841 52
842 42
843 59
844 55
845 52
846 74
847 32
848 33
849 37
850 48
851 46
852 49
853 76
854 57
855 32
856 55
857 48
858 38
859 61
860 56
861 54
862 49
863 53
864 42
865 63
866 64
867 77
868 68
869 46
870 37
871 49
872 30
873 54
874 59
875 67
876 38
877 55
878 40
879 33
880 41
881 65
882 62
883 72
884 42
885 56
886 74
887 45
888 45
889 57
890 81
891 62
892 58
893 51
894 45
895 55
896 47
897 61
898 54
899 69
900 45
901 64
902 44
903 53
904 41
905 59
906 52
907 50
908 47
909 56
910 46
911 40
912 40
913 48
914 40
915 62
916 67
917 50
918 59
919 38
920 66
921 48
922 92
923 73
924 94
925 59
926 49
927 68
928 60
929 46
930 50
931 67
932 78
933 81
934 62
935 61
936 69
937 70
938 68
939 56
940 58
941 64
942 69
943 40
944 58
945 42
946 46
947 68
948 72
949 57
950 48
951 40
952 43
953 50
954 49
955 53
956 64
957 67
958 44
959 45
960 38
961 52
962 54
963 54
964 63
965 58
966 44
967 40
968 31
969 56
970 44
971 48
972 47
973 53
974 61
975 40
976 32
977 47
978 39
979 53
980 50
981 49
982 43
983 45
984 37
985 46
986 35
987 54
988 53
989 39
990 34
991 48
992 35
993 40
994 52
995 63
996 48
997 55
998 49
999 46
