0 54
1 52
2 44
3 39
4 44
5 41
6 29
7 37
8 26
9 26
10 40
11 31
12 22
13 22
14 22
15 10
16 19
17 12
18 18
19 16
20 11
21 9
22 18
23 8
24 17
25 17
26 9
27 11
28 17
29 15
30 15
31 15
32 10
33 16
34 11
35 18
36 15
37 23
38 22
39 16
40 19
41 20
42 22
43 20
44 28
45 30
46 34
47 32
48 42
49 37
50 37
51 41
52 39
53 53
54 41
55 51
56 42
57 55
58 68
59 74
60 76
61 69
62 79
63 68
64 92
65 60
66 64
67 84
68 86
69 93
70 79
71 88
72 88
73 115
74 101
75 101
76 100
77 93
78 98
79 105
80 90
81 99
82 104
83 106
84 106
85 79
86 79
87 107
88 106
89 111
90 84
91 123
92 99
93 85
94 87
95 73
96 66
97 70
98 70
99 86
100 65
101 63
102 57
103 63
104 63
105 62
106 50
107 46
108 47
109 40
110 45
111 35
112 33
113 42
114 35
115 43
116 33
117 37
118 26
119 29
120 19
121 18
122 31
123 22
124 16
125 20
126 18
127 21
128 14
129 18
130 14
131 18
132 9
133 14
134 13
135 15
136 17
137 17
138 13
139 13
140 11
141 14
142 12
143 15
144 17
145 9
146 21
147 14
148 22
149 11
150 13
151 17
152 14
153 26
154 27
155 25
156 23
157 27
158 35
159 33
160 47
161 35
162 35
163 32
164 28
165 25
166 49
167 42
168 50
169 43
170 49
171 55
172 58
173 60
174 49
175 39
176 53
177 74
178 54
179 66
180 78
181 74
182 56
183 65
184 88
185 73
186 73
187 71
188 90
189 67
190 69
191 69
192 71
193 72
194 87
195 75
196 73
197 82
198 65
199 64
200 71
201 77
202 54
203 55
204 70
205 62
206 66
207 58
208 60
209 50
210 67
211 75
212 51
213 52
214 36
215 42
216 52
217 34
218 35
219 30
220 36
221 30
222 30
223 32
224 35
225 32
226 30
227 28
228 30
229 27
230 25
231 22
232 24
233 22
234 15
235 16
236 21
237 15
238 9
239 15
240 13
241 10
242 14
243 13
244 14
245 17
246 16
247 14
248 11
249 13
250 9
251 9
252 13
253 11
254 13
255 13
256 9
257 13
258 13
259 16
260 13
261 14
262 15
263 21
264 14
265 16
266 13
267 15
268 19
269 19
270 25
271 38
272 35
273 30
274 30
275 37
276 31
277 26
278 31
279 30
280 41
281 30
282 38
283 44
284 36
285 34
286 41
287 44
288 52
289 45
290 45
291 44
292 52
293 43
294 57
295 49
296 41
297 51
298 63
299 61
300 54
301 53
302 46
303 54
304 65
305 51
306 60
307 49
308 63
309 53
310 61
311 70
312 78
313 74
314 89
315 61
316 55
317 60
318 75
319 61
320 76
321 61
322 64
323 42
324 52
325 58
326 46
327 52
328 41
329 51
330 44
331 56
332 34
333 29
334 43
335 30
336 35
337 24
338 29
339 35
340 26
341 33
342 15
343 28
344 30
345 19
346 23
347 19
348 18
349 16
350 11
351 12
352 10
353 13
354 9
355 8
356 10
357 10
358 13
359 9
360 11
361 10
362 8
363 10
364 7
365 4
366 3
367 10
368 8
369 8
370 10
371 14
372 13
373 10
374 13
375 15
376 19
377 15
378 12
379 14
380 18
381 19
382 23
383 22
384 14
385 17
386 22
387 22
388 27
389 22
390 19
391 27
392 18
393 32
394 28
395 28
396 38
397 33
398 33
399 40
400 44
401 40
402 43
403 29
404 39
405 41
406 53
407 53
408 45
409 45
410 60
411 55
412 67
413 58
414 61
415 64
416 77
417 83
418 71
419 75
420 89
421 82
422 90
423 85
424 99
425 95
426 105
427 94
428 85
429 89
430 78
431 94
432 78
433 74
434 83
435 70
436 69
437 78
438 63
439 70
440 68
441 62
442 67
443 62
444 65
445 52
446 53
447 49
448 46
449 40
450 39
451 41
452 32
453 36
454 33
455 23
456 19
457 30
458 22
459 21
460 16
461 13
462 19
463 8
464 7
465 19
466 8
467 12
468 18
469 4
470 8
471 8
472 8
473 5
474 5
475 13
476 6
477 6
478 6
479 6
480 3
481 7
482 8
483 6
484 7
485 8
486 4
487 11
488 16
489 8
490 10
491 13
492 7
493 15
494 8
495 13
496 16
497 16
498 21
499 16
500 20
501 17
502 14
503 24
504 15
505 20
506 19
507 23
508 30
509 21
510 29
511 44
512 37
513 45
514 32
515 66
516 40
517 69
518 72
519 59
520 66
521 62
522 62
523 72
524 68
525 71
526 74
527 104
528 91
529 99
530 96
531 70
532 103
533 91
534 104
535 110
536 101
537 117
538 84
539 95
540 102
541 88
542 91
543 120
544 100
545 113
546 97
547 96
548 96
549 72
550 73
551 71
552 85
553 84
554 78
555 74
556 83
557 65
558 48
559 55
560 46
561 62
562 49
563 38
564 40
565 44
566 26
567 30
568 29
569 31
570 22
571 22
572 14
573 13
574 18
575 16
576 10
577 12
578 10
579 10
580 10
581 7
582 9
583 5
584 14
585 6
586 4
587 7
588 7
589 6
590 7
591 6
592 6
593 7
594 7
595 7
596 8
597 10
598 10
599 11
600 10
601 8
602 14
603 15
604 9
605 9
606 11
607 14
608 13
609 20
610 22
611 21
612 22
613 29
614 33
615 32
616 41
617 62
618 47
619 46
620 46
621 51
622 60
623 55
624 53
625 66
626 79
627 97
628 80
629 91
630 98
631 98
632 105
633 108
634 109
635 114
636 111
637 112
638 123
639 102
640 133
641 131
642 120
643 116
644 122
645 138
646 117
647 143
648 127
649 130
650 143
651 121
652 128
653 109
654 103
655 129
656 111
657 125
658 106
659 113
660 92
661 90
662 78
663 86
664 84
665 71
666 71
667 79
668 65
669 54
670 63
671 63
672 47
673 47
674 43
675 34
676 34
677 28
678 31
679 21
680 35
681 23
682 30
683 16
684 22
685 22
686 15
687 13
688 8
689 18
690 14
691 13
692 11
693 13
694 9
695 9
696 9
697 10
698 3
699 13
700 7
701 11
702 6
703 9
704 11
705 10
706 9
707 11
708 11
709 12
710 11
711 14
712 16
713 16
714 18
715 21
716 12
717 20
718 26
719 19
720 31
721 31
722 31
723 31
724 48
725 49
726 50
727 45
728 38
729 54
730 63
731 86
732 85
733 71
734 92
735 94
736 72
737 88
738 85
739 102
740 113
741 126
742 113
743 128
744 134
745 143
746 132
747 136
748 142
749 139
750 141
751 154
752 140
753 132
754 149
755 161
756 145
757 154
758 148
759 135
760 127
761 117
762 144
763 141
764 119
765 134
766 118
767 113
768 111
769 113
770 103
771 107
772 105
773 79
774 84
775 86
776 74
777 74
778 76
779 67
780 44
781 55
782 55
783 38
784 54
785 47
786 45
787 33
788 25
789 33
790 25
791 30
792 14
793 25
794 12
795 23
796 16
797 19
798 19
799 17
800 7
801 15
802 16
803 10
804 12
805 10
806 16
807 12
808 9
809 7
810 10
811 9
812 10
813 15
814 13
815 13
816 18
817 24
818 13
819 9
820 18
821 19
822 25
823 18
824 33
825 24
826 32
827 29
828 26
829 35
830 37
831 39
832 40
833 53
834 44
835 63
836 48
837 57
838 70
839 91
840 68
841 78
842 80
843 86
844 88
845 77
846 97
847 95
848 109
849 122
850 117
851 117
852 125
853 141
854 139
855 136
856 147
857 129
858 151
859 141
860 140
861 140
862 140
863 156
864 143
865 135
866 144
867 137
868 130
869 126
870 143
871 115
872 125
873 102
874 124
875 121
876 115
877 103
878 97
879 102
880 91
881 95
882 92
883 87
884 99
885 66
886 69
887 63
888 63
889 52
890 55
891 49
892 71
893 41
894 38
895 50
896 34
897 36
898 34
899 29
900 22
901 23
902 26
903 25
904 14
905 18
906 22
907 14
908 23
909 12
910 15
911 19
912 20
913 14
914 17
915 12
916 14
917 12
918 17
919 20
920 15
921 13
922 13
923 9
924 16
925 26
926 19
927 12
928 16
929 26
930 16
931 19
932 17
933 28
934 14
935 30
936 30
937 34
938 35
939 49
940 40
941 54
942 50
943 52
944 54
945 65
946 69
947 63
948 56
949 78
950 50
951 83
952 82
953 75
954 85
955 100
956 110
957 100
958 98
959 140
960 117
961 112
962 109
963 110
964 116
965 118
966 115
967 142
968 143
969 127
970 121
971 126
972 132
973 130
974 147
975 127
976 127
977 133
978 111
979 130
980 122
981 125
982 119
983 99
984 118
985 123
986 84
987 88
988 86
989 86
990 94
991 100
992 80
993 84
994 71
995 57
996 47
997 78
998 62
999 59
